29;56;90;76;40
73;18;56;72;49
77;53;89;82;24
39;79;20;45;98
60;93;34;85;27
100;70;63;34;25
97;43;71;27;69
15;66;13;85;88
22;30;68;100;65
49;98;27;88;76
65;87;13;50;54
44;19;12;51;69
46;77;17;34;61
89;80;71;85;62
97;82;29;99;83
67;78;13;61;77
13;19;71;97;14
61;100;48;100;91
90;30;27;49;27
75;68;67;24;66
34;45;67;21;72
40;12;30;45;80
63;89;33;15;86
19;12;92;39;32
24;53;66;71;100
73;80;45;18;80
34;66;27;70;52
97;73;53;78;76
24;66;95;60;55
64;45;89;36;58
56;23;90;89;56
66;20;89;46;57
75;29;29;15;74
73;75;90;44;67
47;94;95;53;19
34;98;74;38;90
49;44;36;24;68
37;32;29;14;67
60;42;50;56;93
26;80;80;58;44
76;28;100;72;10
28;41;99;64;96
53;91;29;26;29
58;31;18;83;86
76;11;65;62;85
16;56;72;71;56
77;97;62;59;57
13;11;40;26;52
90;50;90;51;99
21;57;14;85;21
20;41;29;61;19
54;23;63;96;49
28;10;87;19;44
34;88;32;57;58
28;39;15;30;20
93;52;21;82;86
17;41;41;59;93
90;15;53;96;54
11;15;79;67;89
51;30;80;47;80
69;95;56;44;87
100;10;39;14;62
39;72;22;84;23
96;34;47;73;12
99;86;34;24;67
71;60;21;64;44
21;50;80;38;31
25;88;76;31;34
80;39;13;40;67
39;70;66;25;54
52;81;82;50;44
93;57;32;11;91
47;49;13;57;19
96;19;12;19;52
72;79;62;68;50
97;11;19;31;16
88;93;53;70;33
19;57;57;89;62
53;84;17;74;17
54;47;34;90;94
74;78;60;21;46
93;55;78;25;93
98;36;74;68;39
33;47;63;13;43
89;14;64;45;60
32;28;65;80;63
23;86;93;80;53
47;60;39;57;46
89;94;71;29;98
41;28;35;40;25
60;49;29;26;41
46;10;65;61;80
97;63;95;60;31
75;79;53;56;76
76;95;68;61;71
67;19;71;31;98
89;95;72;36;57
38;73;69;76;30
55;31;40;74;98
23;73;88;51;94
55;50;88;76;52
87;13;40;57;34
37;54;89;84;66
71;52;99;64;95
19;21;45;38;22
64;20;55;19;100
43;87;58;49;34
28;34;60;63;83
94;87;93;25;65
68;40;39;11;11
14;15;56;96;81
28;28;53;75;24
56;85;32;43;24
77;82;28;68;92
68;100;60;23;97
83;90;16;43;46
34;83;54;10;63
59;69;11;55;18
78;88;73;42;99
20;21;91;75;18
15;56;95;99;65
52;43;17;24;58
86;78;60;87;51
15;49;56;93;77
98;60;94;55;46
100;79;72;46;21
87;27;58;27;58
93;98;23;14;90
51;84;73;68;22
64;89;54;77;70
41;57;53;93;77
64;75;36;43;65
42;39;18;86;70
76;12;82;64;100
78;67;80;83;90
60;69;23;19;59
22;84;57;98;94
89;43;29;34;76
95;75;66;75;56
100;59;20;21;61
85;63;57;84;36
93;91;50;11;30
20;10;67;10;68
49;15;29;35;98
93;93;89;37;23
43;23;54;30;85
55;96;75;18;60
61;85;16;26;95
18;73;20;74;88
73;33;53;18;40
59;78;39;32;89
16;33;77;57;77
27;39;31;93;80
82;24;25;87;10
59;60;59;40;86
36;61;89;83;15
32;58;57;84;35
91;74;32;96;88
42;66;86;39;36
86;96;51;98;95
57;31;95;54;56
52;26;68;55;78
12;79;31;26;93
70;48;63;28;37
77;78;43;61;58
30;57;35;60;58
29;45;68;16;29
20;75;12;95;57
88;58;36;17;37
40;81;12;52;40
39;83;77;10;60
53;85;91;89;27
33;37;90;62;26
72;50;79;31;39
76;25;23;98;53
92;17;57;28;92
25;41;30;84;42
68;75;14;30;47
74;96;69;27;35
43;47;68;36;14
99;25;33;94;57
97;74;63;29;27
27;15;19;59;51
85;36;73;26;28
18;14;16;53;48
15;96;29;24;45
69;74;35;87;62
24;26;40;87;33
69;19;91;51;54
56;97;29;44;83
30;72;80;31;79
72;30;12;32;90
65;72;81;93;37
26;20;57;58;55
30;79;20;35;72
70;76;35;56;79
45;25;68;13;23
44;43;85;44;85
58;48;23;46;16
80;71;89;49;80
12;57;60;55;82
41;42;30;19;97
53;42;75;55;56
27;33;82;61;15
80;27;89;73;70
71;65;28;86;83
65;82;83;71;78
54;28;26;89;89
43;57;49;26;53
15;61;14;45;77
39;64;61;39;68
25;11;11;30;33
24;19;76;47;31
89;82;10;21;17
83;63;80;40;63
60;24;97;87;53
71;11;41;36;58
77;83;42;70;34
90;29;95;76;32
28;49;85;63;27
30;85;44;89;75
64;89;30;23;40
48;17;65;91;55
51;81;31;20;62
90;79;63;25;50
25;44;88;81;62
97;60;93;80;52
46;52;94;97;22
34;36;24;13;96
80;34;95;61;73
43;52;63;77;17
68;31;75;84;93
53;38;41;97;95
12;71;75;55;37
22;12;98;100;46
63;89;29;21;58
73;40;89;97;95
77;68;53;51;49
100;50;71;97;90
81;68;32;22;12
82;31;51;39;81
13;13;94;73;16
21;59;43;25;32
